0.01765
0.008982
0.009312
0
0.007683
0.004075
0.004266
0.008101
0.009698
0.012408
0.010929
0.017355
0.009014
0.017304
0.01599
0.015045
0.011482
0.008391
0.008877
0.008102
0.007641
0.004224
0.009782
0.004147
0.008667
0.009299
0
0.009037
0.01175
0.014102
0.016103
0.008912
0.013996
0.004082
0.008274
0.007913
0.009912
0.008492
0.003144
0.005377
0.008709
0.015736
0.009372
0.001751
0.005457
0.004359
0.008745
0.003028
0.004755
0.003073
0.009497
0.008063
0.013052
0.010472
0.015601
0.008206
0.00778
0.009608
0.009016
0.006846
0.009957
0.008694
0.00641
0.006746
0.006511
0.004136
0.024491
0.015659
0.015316
0.011043
0.009092
0.009508
0.009866
0.008679
0.006427
0.007142
0.010039
0.013565
0.008992
0.005735
0.019746
0.012728
0.004451
0.006592
0.007138
0.001569
0.007637
0.005151
0.010193
0.01772
0.0081
0.010182
0.004303
0.004548
0.006443
0.006027
0.009453
0.005135
0.004811
0.00944
